year	Jan	Feb	Mar	Apr	May	Jun	Jul	Aug	Sep	Oct	Nov	Dec
1975   0.58  -0.62  -0.61  -1.60  -0.52  -0.84   1.55  -0.26   1.56  -0.54   0.41   0.00
1976  -0.25   0.93   0.75   0.26   0.96   0.80  -0.32   1.92  -1.29  -0.08   0.17  -1.60
1977  -1.04  -0.49  -0.81   0.65  -0.86  -0.57  -0.45  -0.28   0.37   0.52  -0.07  -1.00
1978   0.66  -2.20   0.70  -1.17   1.08   1.38  -1.14   0.64   0.46   1.93   3.04  -1.57
1979  -1.38  -0.67   0.78  -1.71  -1.03   1.60   0.83   0.96   1.01  -0.30   0.53   1.00
1980  -0.75   0.05  -0.31   1.29  -1.50  -0.37  -0.42  -2.24   0.66  -1.77  -0.37   0.78
1981   0.37   0.92  -1.19   0.36   0.20  -0.45   0.05   0.39  -1.45  -1.35  -0.38  -0.02
1982  -0.89   1.15   1.15   0.10  -0.53  -1.63   1.15   0.26   1.76  -0.74   1.60   1.78
1983   1.59  -0.53   0.95  -0.85  -0.07   0.99   1.19   1.61  -1.12   0.65  -0.98   0.29
1984   1.66   0.72  -0.37  -0.28   0.54  -0.42  -0.07   1.15   0.17  -0.07  -0.06   0.00
1985  -1.61  -0.49   0.20   0.32  -0.49  -0.80   1.22  -0.48  -0.52   0.90  -0.67   0.22
1986   1.11  -1.00   1.71  -0.59   0.85   1.22   0.12  -1.09  -1.12   1.55   2.29   0.99
1987  -1.15  -0.73   0.14   2.00   0.98  -1.82   0.52  -0.83  -1.22   0.14   0.18   0.32
1988   1.02   0.76  -0.17  -1.17   0.63   0.88  -0.35   0.04  -0.99  -1.08  -0.34   0.61
1989   1.17   2.00   1.85   0.28   1.38  -0.27   0.97   0.01   2.05  -0.03   0.16  -1.15
1990   1.04   1.41   1.46   2.00  -1.53  -0.02   0.53   0.97   1.06   0.23  -0.24   0.22
1991   0.86   1.04  -0.20   0.29   0.08  -0.82  -0.49   1.23   0.48  -0.19   0.48   0.46
1992  -0.13   1.07   0.87   1.86   2.63   0.20   0.16   0.85  -0.44  -1.76   1.19   0.47
1993   1.60   0.50   0.67   0.97  -0.78  -0.59  -3.18   0.12  -0.57  -0.71   2.56   1.56
1994   1.04   0.46   1.26   1.14  -0.57   1.52   1.31   0.38  -1.32  -0.97   0.64   2.02
1995   0.93   1.14   1.25  -0.85  -1.49   0.13  -0.22   0.69   0.31   0.19  -1.38  -1.67
1996  -0.12  -0.07  -0.24  -0.17  -1.06   0.56   0.67   1.02  -0.86  -0.33  -0.56  -1.41
1997  -0.49   1.70   1.46  -1.02  -0.28  -1.47   0.34   0.83   0.61  -1.70  -0.90  -0.96
1998   0.39  -0.11   0.87  -0.68  -1.32  -2.72  -0.48  -0.02  -2.00  -0.29  -0.28   0.87
1999   0.77   0.29   0.23  -0.95   0.92   1.12  -0.90   0.39   0.36   0.20   0.65   1.61
2000   0.60   1.70   0.77  -0.03   1.58  -0.03  -1.03  -0.29  -0.21   0.92  -0.92  -0.58
2001   0.25   0.45  -1.26   0.00  -0.02  -0.20  -0.25  -0.07  -0.65  -0.24   0.63  -0.83
2002   0.44   1.10   0.69   1.18  -0.22   0.38   0.62   0.38  -0.70  -2.28  -0.18  -0.94
2003   0.16   0.62   0.32  -0.18   0.01  -0.07   0.13  -0.07   0.01  -1.26   0.86   0.64
2004  -0.29  -0.14   1.02   1.15   0.19  -0.89   1.13  -0.48   0.38  -1.10   0.73   1.21
2005   1.52  -0.06  -1.83  -0.30  -1.25  -0.05  -0.51   0.37   0.63  -0.98  -0.31  -0.44
2006   1.27  -0.51  -1.28   1.24  -1.14   0.84   0.90  -1.73  -1.62  -2.24   0.44   1.34
2007   0.22  -0.47   1.44   0.17   0.66  -1.31  -0.58  -0.14   0.72   0.45   0.58   0.34
2008   0.89   0.73   0.08  -1.07  -1.73  -1.39  -1.27  -1.16   1.02  -0.04  -0.32  -0.28
2009  -0.01   0.06   0.57  -0.20   1.68  -1.21  -2.15  -0.19   1.51  -1.03  -0.02  -1.93
2010  -1.11  -1.98  -0.88  -0.72  -1.49  -0.82  -0.42  -1.22  -0.79  -0.93  -1.62  -1.85
2011  -0.88   0.70   0.61   2.48  -0.06  -1.28  -1.51  -1.35   0.54   0.39   1.36   2.52
2012   1.17   0.42   1.27   0.47  -0.91  -2.53  -1.32  -0.98  -0.59  -2.06  -0.58   0.17
2013   0.35  -0.45  -1.61   0.69   0.57   0.52   0.67   0.97   0.24  -1.28   0.90   0.95
2014   0.29   1.34   0.80   0.31  -0.92  -0.97   0.18  -1.68   1.62  -1.27   0.68   1.86